pth
arc,-1.3850,-0.4293,-1.3850,0.4293,-2.0000,0.0000,CW
arc,-1.3850,0.4293,-1.3850,-0.4293,0.0000,0.0000,CCW
pth
arc,-1.3851,-2.4293,-2.4050,-2.6312,-2.0000,-2.0000,CW
arc,-2.4050,-2.6312,-2.6312,-2.4050,-3.0000,-3.0000,CCW
arc,-2.6312,-2.4050,-2.4293,-1.3851,-2.0000,-2.0000,CW
arc,-2.4293,-1.3851,-1.5707,-1.3851,-2.0000,0.0000,CCW
arc,-1.5707,-1.3851,-1.3851,-1.5707,-2.0000,-2.0000,CW
arc,-1.3851,-1.5707,-1.3851,-2.4293,0.0000,-2.0000,CCW
pth
arc,-1.5707,1.3851,-2.4293,1.3851,-2.0000,0.0000,CCW
arc,-2.4293,1.3851,-2.6312,2.4050,-2.0000,2.0000,CW
arc,-2.6312,2.4050,-2.4050,2.6312,-3.0000,3.0000,CCW
arc,-2.4050,2.6312,-1.3851,2.4293,-2.0000,2.0000,CW
arc,-1.3851,2.4293,-1.3851,1.5707,0.0000,2.0000,CCW
arc,-1.3851,1.5707,-1.5707,1.3851,-2.0000,2.0000,CW
pth
arc,1.5707,-1.3851,2.4293,-1.3851,2.0000,0.0000,CCW
arc,2.4293,-1.3851,2.6312,-2.4050,2.0000,-2.0000,CW
arc,2.6312,-2.4050,2.4050,-2.6312,3.0000,-3.0000,CCW
arc,2.4050,-2.6312,1.3851,-2.4293,2.0000,-2.0000,CW
arc,1.3851,-2.4293,1.3851,-1.5707,0.0000,-2.0000,CCW
arc,1.3851,-1.5707,1.5707,-1.3851,2.0000,-2.0000,CW
pth
arc,0.4293,-1.3850,-0.4293,-1.3850,0.0000,-2.0000,CW
arc,-0.4293,-1.3850,0.4293,-1.3850,0.0000,0.0000,CCW
pth
arc,0.0000,-0.7500,0.0000,-0.7500,0.0000,0.0000,CW
pth
arc,1.3850,0.4293,1.3850,-0.4293,2.0000,0.0000,CW
arc,1.3850,-0.4293,1.3850,0.4293,0.0000,0.0000,CCW
pth
arc,2.4293,1.3851,1.5707,1.3851,2.0000,0.0000,CCW
arc,1.5707,1.3851,1.3851,1.5707,2.0000,2.0000,CW
arc,1.3851,1.5707,1.3851,2.4293,0.0000,2.0000,CCW
arc,1.3851,2.4293,2.4050,2.6312,2.0000,2.0000,CW
arc,2.4050,2.6312,2.6312,2.4050,3.0000,3.0000,CCW
arc,2.6312,2.4050,2.4293,1.3851,2.0000,2.0000,CW
pth
arc,-0.4293,1.3850,0.4293,1.3850,0.0000,2.0000,CW
arc,0.4293,1.3850,-0.4293,1.3850,0.0000,0.0000,CCW
